0 0.01015625 0.53359375 0.0203125 0.0890625
0 0.11328125 0.596875 0.0625 0.07421875
0 0.384375 0.59921875 0.06015625 0.07421875
0 0.53828125 0.60078125 0.0609375 0.0765625
0 0.6421875 0.5984375 0.06484375 0.0765625
0 0.75390625 0.6015625 0.06484375 0.07890625
0 0.8625 0.5984375 0.0640625 0.08125
0 0.9390625 0.60078125 0.0375 0.08125
0 0.940625 0.94453125 0.06875 0.08828125
0 0.79375 0.90859375 0.06640625 0.0859375
0 0.7078125 0.90859375 0.06640625 0.0859375
0 0.590625 0.91328125 0.06640625 0.09453125
0 0.49296875 0.91328125 0.0640625 0.0859375
0 0.42578125 0.909375 0.0625 0.08359375
0 0.31484375 0.90859375 0.0625 0.0765625
0 0.2484375 0.909375 0.0609375 0.08828125
0 0.1234375 0.90546875 0.0625 0.08828125