0 0.1125 0.07421875 0.05625 0.05546875
0 0.196875 0.06796875 0.05859375 0.0578125
0 0.32109375 0.059375 0.053125 0.0578125
0 0.453125 0.053125 0.05703125 0.06015625
0 0.58046875 0.04765625 0.05703125 0.0625
0 0.0625 0.3171875 0.0546875 0.06015625
0 0.20078125 0.315625 0.05234375 0.0625
0 0.38203125 0.30703125 0.05859375 0.071875
0 0.4953125 0.30234375 0.05625 0.071875
0 0.0171875 0.5625 0.03359375 0.06953125
0 0.0609375 0.559375 0.05078125 0.071875
0 0.11875 0.559375 0.06015625 0.0671875
0 0.196875 0.559375 0.05859375 0.0765625
0 0.36796875 0.56015625 0.0609375 0.07421875
0 0.4828125 0.5578125 0.0609375 0.06953125
0 0.615625 0.5546875 0.0609375 0.0765625
0 0.73359375 0.553125 0.0640625 0.06953125
0 0.87421875 0.553125 0.06875 0.07421875
0 0.02890625 0.7859375 0.05703125 0.071875
0 0.11875 0.78828125 0.06015625 0.071875
0 0.18828125 0.78359375 0.05859375 0.071875
0 0.2671875 0.78125 0.06015625 0.0765625
0 0.3796875 0.78671875 0.05625 0.06953125