0 0.06015625 0.25703125 0.0578125 0.06875
0 0.19140625 0.28046875 0.059375 0.06875
0 0.3140625 0.27265625 0.0609375 0.071875
0 0.378125 0.265625 0.059375 0.0765625
0 0.46953125 0.2625 0.0640625 0.0765625
0 0.54765625 0.26015625 0.0609375 0.08125
0 0.63671875 0.2546875 0.0609375 0.071875
0 0.72734375 0.24921875 0.0625 0.071875
0 0.80703125 0.2421875 0.0640625 0.078125
0 0.8953125 0.2390625 0.0625 0.0734375
0 0.04765625 0.48359375 0.05625 0.08125
0 0.11796875 0.48203125 0.059375 0.078125
0 0.2015625 0.50234375 0.059375 0.078125
0 0.34609375 0.4953125 0.0625 0.078125
0 0.40859375 0.4953125 0.059375 0.06875
0 0.46796875 0.49375 0.05625 0.071875
0 0.5484375 0.490625 0.0609375 0.0734375
0 0.61640625 0.48671875 0.0625 0.0765625
0 0.69453125 0.48046875 0.0625 0.078125
0 0.7703125 0.47421875 0.0625 0.0765625
0 0.86328125 0.47109375 0.0640625 0.0765625
0 0.9703125 0.46640625 0.059375 0.0734375
0 0.06796875 0.71875 0.0578125 0.0671875
0 0.240625 0.70703125 0.05625 0.0734375
0 0.37890625 0.70625 0.05625 0.08125
0 0.56484375 0.7 0.059375 0.078125
0 0.7484375 0.69296875 0.0609375 0.0765625
0 0.959375 0.71328125 0.0609375 0.0765625
0 0.246875 0.9796875 0.059375 0.040625
0 0.3671875 0.98203125 0.05625 0.0359375
0 0.578125 0.9765625 0.0578125 0.04375
0 0.67265625 0.978125 0.05625 0.034375
0 0.78046875 0.9734375 0.0578125 0.0359375
0 0.87734375 0.97109375 0.0546875 0.0328125
0 0.978125 0.96484375 0.04375 0.0390625