0 0.08671875 0.10703125 0.0625 0.08125
0 0.17421875 0.25859375 0.0609375 0.0796875
0 0.27578125 0.25390625 0.0578125 0.075
0 0.4140625 0.234375 0.0671875 0.0796875
0 0.4875 0.2328125 0.0640625 0.075
0 0.55 0.22578125 0.0625 0.0671875
0 0.61171875 0.21953125 0.0640625 0.075
0 0.83515625 0.20390625 0.0578125 0.0671875
0 0.96328125 0.22265625 0.05 0.08125
0 0.03046875 0.4046875 0.0609375 0.084375
0 0.12421875 0.4 0.0609375 0.0796875
0 0.19609375 0.4796875 0.0640625 0.0703125
0 0.4328125 0.46484375 0.059375 0.075
0 0.5140625 0.46015625 0.0625 0.08125
0 0.684375 0.45 0.0640625 0.075
0 0.78671875 0.4390625 0.0640625 0.0765625
0 0.8625 0.4359375 0.065625 0.0796875
0 0.95390625 0.4578125 0.0640625 0.08125
0 0.0640625 0.68671875 0.0640625 0.065625
0 0.1609375 0.68203125 0.059375 0.0671875
0 0.23046875 0.70703125 0.05625 0.0703125
0 0.3140625 0.709375 0.0546875 0.0625
0 0.38515625 0.70546875 0.059375 0.071875
0 0.446875 0.70078125 0.05625 0.065625
0 0.5828125 0.69296875 0.0640625 0.071875
0 0.78203125 0.6828125 0.0640625 0.0796875
0 0.9671875 0.675 0.0640625 0.08125
0 0.10703125 0.98046875 0.0546875 0.0390625
0 0.28984375 0.978125 0.0578125 0.04375
0 0.61953125 0.97265625 0.0625 0.046875
0 0.9765625 0.953125 0.046875 0.046875