0 0.0625 0.271875 0.0640625 0.0796875
0 0.16328125 0.20078125 0.0625 0.078125
0 0.27734375 0.19609375 0.065625 0.0796875
0 0.37578125 0.1921875 0.0609375 0.075
0 0.49609375 0.1875 0.0671875 0.0796875
0 0.59453125 0.1859375 0.065625 0.084375
0 0.68671875 0.1765625 0.0703125 0.0828125
0 0.81015625 0.1703125 0.065625 0.0890625
0 0.91640625 0.16796875 0.065625 0.0875
0 0.178125 0.48125 0.0609375 0.078125
0 0.28671875 0.478125 0.059375 0.0796875
0 0.39453125 0.47578125 0.0625 0.084375
0 0.49609375 0.47421875 0.0625 0.0796875
0 0.603125 0.46953125 0.0609375 0.0828125
0 0.70390625 0.46484375 0.065625 0.0828125
0 0.80703125 0.465625 0.065625 0.0875
0 0.01328125 0.76875 0.01875 0.08125
0 0.2 0.76328125 0.0578125 0.0734375
0 0.38515625 0.7578125 0.0609375 0.078125
0 0.53515625 0.75859375 0.059375 0.0796875
0 0.70703125 0.75546875 0.059375 0.075
0 0.8578125 0.753125 0.0609375 0.0796875