0 0.1546875 0.53359375 0.04921875 0.053125
0 0.39765625 0.52421875 0.06875 0.0671875
0 0.5453125 0.5234375 0.0609375 0.07421875
0 0.67421875 0.521875 0.06015625 0.0671875
0 0.840625 0.52578125 0.05625 0.07421875
0 0.9328125 0.5265625 0.0609375 0.071875
0 0.15546875 0.78828125 0.05859375 0.08125
0 0.4203125 0.7859375 0.0546875 0.08125
0 0.5625 0.78125 0.0546875 0.071875
0 0.66015625 0.78046875 0.05703125 0.07421875
0 0.78828125 0.77890625 0.05859375 0.0765625
0 0.9359375 0.77578125 0.0609375 0.07890625