0 0.01328125 0.1203125 0.02578125 0.06015625
0 0.05625 0.1203125 0.05703125 0.06015625
0 0.1109375 0.11953125 0.05234375 0.0625
0 0.1734375 0.178125 0.05859375 0.06953125
0 0.36015625 0.165625 0.05859375 0.0765625
0 0.4703125 0.1609375 0.0609375 0.071875
0 0.553125 0.15625 0.0625 0.071875
0 0.64140625 0.15390625 0.06640625 0.0671875
0 0.72265625 0.14921875 0.06484375 0.071875
0 0.79296875 0.1484375 0.0625 0.06953125
0 0.8984375 0.14375 0.0703125 0.06484375
0 0.06875 0.3515625 0.05859375 0.06484375
0 0.165625 0.46328125 0.0609375 0.07890625
0 0.34765625 0.459375 0.06484375 0.071875
0 0.44375 0.46171875 0.0625 0.0765625
0 0.51484375 0.45703125 0.0640625 0.071875
0 0.5859375 0.4609375 0.06484375 0.07890625
0 0.66015625 0.45625 0.06796875 0.07421875
0 0.77421875 0.459375 0.06875 0.071875
0 0.89765625 0.45234375 0.071875 0.08125
0 0.9828125 0.29375 0.03359375 0.07421875
0 0.89140625 0.76953125 0.07421875 0.090625
0 0.78515625 0.771875 0.07265625 0.090625
0 0.6953125 0.771875 0.06796875 0.090625
0 0.61875 0.76953125 0.06484375 0.090625
0 0.5015625 0.76875 0.0625 0.08828125
0 0.39375 0.7671875 0.0609375 0.0859375
0 0.2796875 0.76640625 0.06484375 0.08359375
0 0.18125 0.76640625 0.0703125 0.07890625
0 0.0859375 0.82265625 0.06484375 0.0859375
0 0.01875 0.8265625 0.0375 0.08359375