0 0.06640625 0.2640625 0.0625 0.07890625
0 0.16875 0.1953125 0.0609375 0.0765625
0 0.2828125 0.1921875 0.06484375 0.07890625
0 0.38125 0.18984375 0.06015625 0.07421875
0 0.5015625 0.1875 0.06640625 0.07890625
0 0.6 0.1875 0.0640625 0.08359375
0 0.6921875 0.1796875 0.06875 0.08125
0 0.815625 0.17578125 0.0640625 0.08828125
0 0.921875 0.175 0.06484375 0.0859375
0 0.178125 0.47578125 0.06015625 0.0765625
0 0.2875 0.47421875 0.05859375 0.07890625
0 0.3953125 0.47421875 0.0609375 0.08359375
0 0.496875 0.47421875 0.0609375 0.07890625
0 0.60390625 0.47109375 0.06015625 0.08125
0 0.7046875 0.46875 0.0640625 0.08125
0 0.8078125 0.47109375 0.0640625 0.0859375
0 0.00859375 0.76015625 0.0171875 0.08125
0 0.1953125 0.7578125 0.05703125 0.071875
0 0.38046875 0.75546875 0.06015625 0.0765625
0 0.53046875 0.759375 0.05859375 0.07890625
0 0.70234375 0.759375 0.05859375 0.07421875
0 0.853125 0.759375 0.06015625 0.07890625