0 0.1078125 0.0859375 0.05859375 0.07890625
0 0.1875 0.2421875 0.05703125 0.0765625
0 0.2890625 0.2421875 0.0546875 0.071875
0 0.428125 0.23046875 0.0625 0.0765625
0 0.5015625 0.2328125 0.0609375 0.071875
0 0.5640625 0.22890625 0.05859375 0.06484375
0 0.6265625 0.22578125 0.0609375 0.071875
0 0.85 0.221875 0.0546875 0.06484375
0 0.97734375 0.24765625 0.0453125 0.07890625
0 0.0328125 0.38046875 0.0625 0.08125
0 0.1296875 0.38046875 0.05625 0.0765625
0 0.19765625 0.4640625 0.06015625 0.0671875
0 0.434375 0.46171875 0.05625 0.071875
0 0.51640625 0.4609375 0.05859375 0.07890625
0 0.68671875 0.459375 0.0609375 0.071875
0 0.78984375 0.45390625 0.0609375 0.07421875
0 0.865625 0.4546875 0.0609375 0.0765625
0 0.95546875 0.48125 0.06015625 0.07890625
0 0.0546875 0.66328125 0.06015625 0.0625
0 0.1515625 0.6640625 0.05625 0.06484375
0 0.2203125 0.69296875 0.05234375 0.0671875
0 0.303125 0.69921875 0.05234375 0.06015625
0 0.37421875 0.69921875 0.05625 0.06953125
0 0.43671875 0.69765625 0.053125 0.0625
0 0.57265625 0.696875 0.06015625 0.06953125
0 0.771875 0.69765625 0.06015625 0.0765625
0 0.95703125 0.69921875 0.06015625 0.07890625
0 0.08203125 0.97109375 0.05234375 0.0578125
0 0.265625 0.9734375 0.0546875 0.053125
0 0.59453125 0.978125 0.0609375 0.04375
0 0.9578125 0.978125 0.05625 0.04375