0 0.06875 0.2421875 0.05625 0.0671875
0 0.19921875 0.26953125 0.05625 0.0671875
0 0.321875 0.26640625 0.059375 0.06875
0 0.38671875 0.26171875 0.05625 0.075
0 0.478125 0.26171875 0.0609375 0.075
0 0.55625 0.26171875 0.059375 0.078125
0 0.6453125 0.259375 0.059375 0.06875
0 0.7359375 0.25703125 0.059375 0.06875
0 0.815625 0.253125 0.0609375 0.0765625
0 0.90390625 0.253125 0.059375 0.071875
0 0.0484375 0.46796875 0.053125 0.078125
0 0.11875 0.46875 0.05625 0.0765625
0 0.2015625 0.4921875 0.05625 0.0765625
0 0.34609375 0.48984375 0.059375 0.0765625
0 0.40859375 0.4921875 0.05625 0.0671875
0 0.46796875 0.49296875 0.053125 0.06875
0 0.5484375 0.4921875 0.059375 0.071875
0 0.6171875 0.490625 0.059375 0.075
0 0.6953125 0.4875 0.059375 0.0765625
0 0.77109375 0.48359375 0.059375 0.075
0 0.8640625 0.48359375 0.0609375 0.075
0 0.97109375 0.4828125 0.05625 0.071875
0 0.0609375 0.70390625 0.05625 0.065625
0 0.23359375 0.69765625 0.053125 0.071875
0 0.371875 0.7015625 0.053125 0.078125
0 0.5578125 0.70234375 0.05625 0.0765625
0 0.74140625 0.7015625 0.059375 0.075
0 0.9515625 0.72890625 0.059375 0.075
0 0.23046875 0.97578125 0.05625 0.0484375
0 0.35 0.98046875 0.0546875 0.0390625
0 0.56171875 0.97890625 0.05625 0.040625
0 0.65625 0.98359375 0.0546875 0.03125
0 0.7640625 0.9828125 0.05625 0.034375
0 0.8609375 0.984375 0.053125 0.03125
0 0.96875 0.98125 0.05625 0.0375