0 0.00390625 0.14609375 0.0078125 0.0609375
0 0.03671875 0.14375 0.059375 0.0625
0 0.09140625 0.140625 0.05625 0.065625
0 0.15703125 0.1953125 0.0625 0.071875
0 0.34296875 0.1734375 0.0625 0.0796875
0 0.45234375 0.16328125 0.0640625 0.075
0 0.53515625 0.15390625 0.065625 0.075
0 0.6234375 0.146875 0.0703125 0.0703125
0 0.70390625 0.13828125 0.06875 0.075
0 0.77421875 0.13359375 0.065625 0.0734375
0 0.87890625 0.1234375 0.0734375 0.06875
0 0.06171875 0.37421875 0.0625 0.0671875
0 0.1640625 0.48046875 0.065625 0.08125
0 0.34609375 0.4671875 0.06875 0.075
0 0.4421875 0.46484375 0.0671875 0.0796875
0 0.5125 0.45625 0.0671875 0.075
0 0.58359375 0.45625 0.06875 0.0828125
0 0.6578125 0.44765625 0.071875 0.078125
0 0.771875 0.4453125 0.071875 0.075
0 0.89453125 0.43125 0.0765625 0.084375
0 0.97109375 0.26875 0.0375 0.0765625
0 0.9046875 0.7484375 0.078125 0.09375
0 0.79921875 0.75625 0.0765625 0.09375
0 0.709375 0.7609375 0.071875 0.09375
0 0.6328125 0.76328125 0.06875 0.09375
0 0.515625 0.76796875 0.0671875 0.0921875
0 0.4078125 0.77265625 0.065625 0.0890625
0 0.29375 0.77734375 0.06875 0.0875
0 0.1953125 0.7828125 0.075 0.0828125
0 0.103125 0.84375 0.06875 0.0890625
0 0.03671875 0.8515625 0.0421875 0.0859375