0 0.0203125 0.0984375 0.040625 0.0765625
0 0.196875 0.08828125 0.0609375 0.078125
0 0.290625 0.08359375 0.059375 0.084375
0 0.40546875 0.08125 0.0609375 0.084375
0 0.56640625 0.07890625 0.059375 0.084375
0 0.65625 0.07734375 0.059375 0.0859375
0 0.87734375 0.0765625 0.065625 0.078125
0 0.0125 0.39140625 0.025 0.06875
0 0.2015625 0.38046875 0.0609375 0.0765625
0 0.34453125 0.38046875 0.059375 0.0765625
0 0.4953125 0.3796875 0.05625 0.06875
0 0.59375 0.37734375 0.05625 0.06875
0 0.68359375 0.3796875 0.059375 0.06875
0 0.7546875 0.37734375 0.05625 0.078125
0 0.8953125 0.378125 0.0609375 0.0765625
0 0.02421875 0.675 0.0484375 0.0671875
0 0.22734375 0.6703125 0.05625 0.0625
0 0.3921875 0.675 0.059375 0.0578125
0 0.46328125 0.67734375 0.0546875 0.0671875
0 0.6453125 0.678125 0.053125 0.065625
0 0.73828125 0.67734375 0.0546875 0.0671875
0 0.95625 0.678125 0.053125 0.06875
0 0.11171875 0.98125 0.046875 0.0375
0 0.26015625 0.978125 0.05 0.04375
0 0.49765625 0.98125 0.053125 0.0375
0 0.61875 0.9828125 0.0546875 0.034375
0 0.69375 0.9828125 0.05 0.034375
0 0.7890625 0.984375 0.05625 0.03125
0 0.8625 0.984375 0.05625 0.03125