0 0.01015625 0.52421875 0.0203125 0.0890625
0 0.11171875 0.58984375 0.0640625 0.075
0 0.3828125 0.596875 0.0609375 0.075
0 0.53671875 0.6015625 0.0625 0.078125
0 0.640625 0.60078125 0.065625 0.078125
0 0.75234375 0.60625 0.065625 0.0796875
0 0.8609375 0.6046875 0.065625 0.0828125
0 0.9375 0.60859375 0.0390625 0.08125
0 0.9328125 0.95234375 0.0703125 0.0890625
0 0.78671875 0.91328125 0.0671875 0.0875
0 0.70078125 0.9125 0.0671875 0.0875
0 0.58359375 0.91484375 0.06875 0.0953125
0 0.4859375 0.91328125 0.065625 0.0875
0 0.41875 0.9078125 0.0640625 0.084375
0 0.3078125 0.90546875 0.0640625 0.078125
0 0.24140625 0.9046875 0.0625 0.0890625
0 0.11640625 0.89921875 0.0640625 0.0890625