0 0.12734375 0.0609375 0.0578125 0.0578125
0 0.2125 0.0578125 0.0609375 0.059375
0 0.33671875 0.053125 0.0546875 0.059375
0 0.46875 0.0515625 0.059375 0.0625
0 0.59609375 0.05078125 0.059375 0.0640625
0 0.06953125 0.30234375 0.05625 0.0625
0 0.20703125 0.30546875 0.0546875 0.0640625
0 0.3890625 0.303125 0.0609375 0.0734375
0 0.50234375 0.30234375 0.059375 0.0734375
0 0.01640625 0.54453125 0.0328125 0.0703125
0 0.059375 0.54375 0.053125 0.0734375
0 0.1171875 0.54609375 0.0625 0.06875
0 0.1953125 0.5484375 0.0609375 0.078125
0 0.365625 0.55546875 0.0640625 0.0765625
0 0.48046875 0.55703125 0.0640625 0.071875
0 0.61328125 0.55859375 0.0640625 0.078125
0 0.73125 0.5609375 0.0671875 0.071875
0 0.871875 0.56640625 0.071875 0.0765625
0 0.02421875 0.76953125 0.0484375 0.0734375
0 0.10859375 0.775 0.0625 0.0734375
0 0.17890625 0.77265625 0.0609375 0.0734375
0 0.2578125 0.77265625 0.0625 0.078125
0 0.36953125 0.78203125 0.059375 0.071875