0 0.11484375 0.07890625 0.059375 0.0796875
0 0.1921875 0.23671875 0.0578125 0.078125
0 0.29375 0.23828125 0.05625 0.0734375
0 0.4328125 0.22890625 0.0640625 0.078125
0 0.50625 0.2328125 0.0625 0.0734375
0 0.56875 0.2296875 0.059375 0.065625
0 0.63125 0.228125 0.0625 0.0734375
0 0.8546875 0.228125 0.05625 0.065625
0 0.97890625 0.25546875 0.0421875 0.0796875
0 0.03515625 0.37265625 0.0640625 0.0828125
0 0.13203125 0.37421875 0.0578125 0.078125
0 0.1984375 0.45859375 0.0609375 0.06875
0 0.43515625 0.4609375 0.0578125 0.0734375
0 0.5171875 0.4609375 0.059375 0.0796875
0 0.6875 0.4625 0.0625 0.0734375
0 0.790625 0.45859375 0.0625 0.075
0 0.86640625 0.4609375 0.0625 0.078125
0 0.95546875 0.4890625 0.0609375 0.0796875
0 0.0515625 0.65546875 0.0609375 0.0640625
0 0.1484375 0.6578125 0.0578125 0.065625
0 0.2171875 0.68828125 0.053125 0.06875
0 0.3 0.69609375 0.053125 0.0609375
0 0.37109375 0.696875 0.0578125 0.0703125
0 0.43359375 0.696875 0.0546875 0.0640625
0 0.56953125 0.6984375 0.0609375 0.0703125
0 0.76875 0.70234375 0.0609375 0.078125
0 0.953125 0.70703125 0.0609375 0.0796875
0 0.07421875 0.9640625 0.053125 0.059375
0 0.25703125 0.96953125 0.05625 0.0546875
0 0.58515625 0.978125 0.0609375 0.04375
0 0.9484375 0.98125 0.05625 0.0375