0 0.02734375 0.08984375 0.0421875 0.0765625
0 0.20390625 0.0828125 0.0625 0.0796875
0 0.29765625 0.0796875 0.059375 0.084375
0 0.4125 0.0796875 0.0625 0.084375
0 0.5734375 0.08046875 0.0609375 0.084375
0 0.66328125 0.08046875 0.0609375 0.0875
0 0.884375 0.08359375 0.065625 0.0796875
0 0.01484375 0.3828125 0.0265625 0.0703125
0 0.20390625 0.375 0.0625 0.078125
0 0.346875 0.378125 0.059375 0.078125
0 0.49765625 0.3796875 0.0578125 0.0703125
0 0.59609375 0.37890625 0.0578125 0.0703125
0 0.6859375 0.3828125 0.0609375 0.0703125
0 0.75703125 0.38203125 0.0578125 0.0796875
0 0.89765625 0.38515625 0.0625 0.078125
0 0.02265625 0.665625 0.0453125 0.06875
0 0.22421875 0.665625 0.0578125 0.0640625
0 0.3890625 0.6734375 0.0609375 0.059375
0 0.46015625 0.6765625 0.05625 0.06875
0 0.6421875 0.68046875 0.0546875 0.065625
0 0.73515625 0.68125 0.05625 0.06875
0 0.953125 0.6859375 0.0546875 0.0703125
0 0.103125 0.97421875 0.046875 0.0375
0 0.2515625 0.97421875 0.05 0.0453125
0 0.4890625 0.98125 0.053125 0.0375
0 0.61015625 0.98359375 0.0546875 0.0328125
0 0.68515625 0.98359375 0.0515625 0.0328125
0 0.7796875 0.9859375 0.05625 0.028125
0 0.853125 0.98671875 0.05625 0.0265625