0 0.0796875 0.24140625 0.0671875 0.0828125
0 0.18515625 0.178125 0.065625 0.0796875
0 0.29921875 0.18125 0.06875 0.0828125
0 0.39765625 0.184375 0.0640625 0.0765625
0 0.51796875 0.18828125 0.0703125 0.0828125
0 0.61640625 0.19296875 0.06875 0.0875
0 0.70859375 0.18984375 0.0734375 0.084375
0 0.83203125 0.19296875 0.06875 0.0921875
0 0.93828125 0.19765625 0.06875 0.0890625
0 0.1796875 0.45859375 0.0640625 0.0796875
0 0.2890625 0.46328125 0.0625 0.08125
0 0.396875 0.46875 0.065625 0.0859375
0 0.4984375 0.47421875 0.065625 0.08125
0 0.60546875 0.4765625 0.0640625 0.084375
0 0.70625 0.4796875 0.06875 0.084375
0 0.80859375 0.4875 0.06875 0.0890625
0 0.003125 0.73359375 0.00625 0.0828125
0 0.18203125 0.74140625 0.0609375 0.075
0 0.3671875 0.74921875 0.0640625 0.0796875
0 0.5171875 0.7609375 0.0625 0.08125
0 0.68828125 0.76953125 0.0625 0.0765625
0 0.8390625 0.77734375 0.0640625 0.08125