0 0.23203125 0.090625 0.0546875 0.06015625
0 0.56796875 0.0671875 0.06015625 0.06484375
0 0.95546875 0.04609375 0.078125 0.06484375
0 0.196875 0.33203125 0.05625 0.0671875
0 0.36328125 0.32421875 0.0546875 0.06953125
0 0.68984375 0.31171875 0.0625 0.0671875
0 0.975 0.29609375 0.04921875 0.06484375
0 0.025 0.6296875 0.05 0.071875
0 0.22578125 0.625 0.0609375 0.06953125
0 0.36328125 0.61953125 0.0625 0.071875
0 0.50703125 0.6171875 0.05625 0.071875
0 0.6421875 0.6171875 0.05859375 0.0765625
0 0.846875 0.61015625 0.0609375 0.0765625
0 0.96484375 0.61015625 0.06484375 0.08125
0 0.86328125 0.90390625 0.0625 0.0765625
0 0.64765625 0.90078125 0.0609375 0.07890625
0 0.5609375 0.9015625 0.06015625 0.0765625
0 0.40625 0.90078125 0.05703125 0.07890625
0 0.30078125 0.90078125 0.05703125 0.07890625
0 0.21171875 0.90078125 0.053125 0.07890625
0 0.03828125 0.90390625 0.05625 0.071875