0 0.2390625 0.0859375 0.05625 0.0609375
0 0.57578125 0.06875 0.0609375 0.065625
0 0.96171875 0.053125 0.0765625 0.065625
0 0.2 0.3265625 0.0578125 0.06875
0 0.36640625 0.321875 0.05625 0.0703125
0 0.69296875 0.31484375 0.0640625 0.06875
0 0.9765625 0.3046875 0.046875 0.065625
0 0.02421875 0.62109375 0.0484375 0.0734375
0 0.2234375 0.6203125 0.0625 0.0703125
0 0.3609375 0.6171875 0.0640625 0.0734375
0 0.5046875 0.6171875 0.0578125 0.0734375
0 0.63984375 0.61953125 0.059375 0.078125
0 0.84453125 0.61640625 0.0625 0.078125
0 0.9625 0.61796875 0.065625 0.0828125
0 0.85625 0.91015625 0.0640625 0.078125
0 0.640625 0.903125 0.0625 0.0796875
0 0.55390625 0.90234375 0.0609375 0.078125
0 0.39921875 0.89921875 0.0578125 0.0796875
0 0.29375 0.896875 0.0578125 0.0796875
0 0.2046875 0.8953125 0.0546875 0.0796875
0 0.03125 0.89609375 0.0578125 0.0734375