0 0.178125 0.48671875 0.059375 0.05
0 0.28125 0.48984375 0.0609375 0.05
0 0.384375 0.49296875 0.059375 0.05
0 0.44453125 0.49453125 0.0609375 0.046875
0 0.5078125 0.4953125 0.0609375 0.04375
0 0.5828125 0.496875 0.0625 0.0453125
0 0.6984375 0.49921875 0.0625 0.0484375
0 0.79140625 0.4984375 0.0640625 0.053125
0 0.88125 0.49921875 0.065625 0.05
0 0.0578125 0.78046875 0.059375 0.0546875
0 0.1734375 0.72265625 0.05625 0.046875
0 0.40703125 0.72734375 0.0625 0.05
0 0.49296875 0.73046875 0.0625 0.053125
0 0.57734375 0.7328125 0.0625 0.0484375
0 0.6625 0.734375 0.0625 0.053125
0 0.759375 0.73671875 0.0625 0.053125
0 0.86328125 0.7390625 0.0640625 0.046875
0 0.98125 0.46328125 0.0375 0.053125
0 0.98359375 0.709375 0.0328125 0.05
0 0.97578125 0.97578125 0.0484375 0.0484375
0 0.81328125 0.9890625 0.0640625 0.021875
0 0.665625 0.98671875 0.0625 0.0265625
0 0.5109375 0.984375 0.0625 0.03125
0 0.4296875 0.98359375 0.0625 0.03125
0 0.34921875 0.9828125 0.0625 0.034375
0 0.25703125 0.98046875 0.0609375 0.0390625
0 0.17265625 0.98046875 0.0609375 0.0390625