0 0.299827728125 0.8947573140625 0.30242785156249996 0.9243460718750001 0.302789621875 0.9599933359374999 0.303635390625 0.9636828421875 0.315873109375 0.9634692312500001 0.3360532390625 0.95570845 0.3479901828125 0.953184921875 0.3599836828125 0.9539016421875001 0.362522815625 0.9501530546874999 0.3628738921875 0.9404232218749999 0.3602675125 0.89555446875 0.35816207968749997 0.879385046875 0.35240146562499997 0.877633465625 0.30335180781250004 0.8877503000000001 0.300536140625 0.8905776484375 0.299827728125 0.8947573140625
0 0.315100059375 0.9639457578125 0.3321718234375 0.9571653015624999 0.3479901828125 0.953184921875 0.3599836828125 0.9539016421875001 0.362522815625 0.9501530546874999 0.3628577328125 0.9394974375 0.359902096875 0.8895414125000001 0.35924398750000003 0.8816813296875001 0.3578855421875 0.8784638078125001 0.3516122546875 0.8771842078125 0.313758809375 0.8871056125000001 0.3030914328125 0.8877548453124999 0.299787328125 0.8924428531249999 0.303635390625 0.9636828421875 0.315100059375 0.9639457578125
0 0.635563353125 0.328163478125 0.6251078734375 0.32603081093749997 0.6060841921875 0.325436803125 0.5821375875 0.3263178265625 0.5808680234375 0.3281921203125 0.5819264796875 0.38883103281250003 0.583032625 0.3925159921875 0.636181853125 0.39344040156250004 0.6390056015625001 0.39107594687499997 0.63751526875 0.3355379421875 0.635563353125 0.328163478125
0 0.715778240625 0.3726036359375 0.718697125 0.3906109921875 0.7255154046875 0.3932701796875 0.769022603125 0.393899859375 0.7734247734374999 0.39243391875 0.77381625 0.38501854999999996 0.77139085625 0.3505185875 0.771861721875 0.3327298828125 0.77076365625 0.329507815625 0.7618542796875001 0.3264220953125 0.733440865625 0.32506591875 0.7170451953125 0.32581513906250004 0.7155152515625 0.327693978125 0.71639151875 0.34805215624999997 0.715778240625 0.3726036359375
0 0.300536140625 0.8905776484375 0.29993276562500004 0.9007749171875 0.3023793734375 0.92156871875 0.303366934375 0.96322449375 0.30703645156250003 0.9645495421874999 0.315873109375 0.9634692312500001 0.3357928609375 0.9557129953124999 0.349804740625 0.9526902156249999 0.360496359375 0.9534296609374999 0.3627670328125 0.9492227234374999 0.3602675125 0.89555446875 0.35841437656249997 0.878917609375 0.3560386640625 0.87710694375 0.3516122546875 0.8771842078125 0.3241415703125 0.8850722453125 0.3030914328125 0.8877548453124999 0.300536140625 0.8905776484375
0 0.3525821828125 0.9526417359374999 0.35842142187500003 0.9539289109375 0.3620263015625 0.9515508203125 0.3628577328125 0.9394974375 0.35960132031250003 0.8872314937500001 0.3578855421875 0.8784638078125001 0.351864553125 0.87671676875 0.30335180781250004 0.8877503000000001 0.3002838421875 0.8910450859375001 0.303366934375 0.96322449375 0.3156127328125 0.9634737765624999 0.3352801875 0.9561849765625 0.3525821828125 0.9526417359374999
0 0.29983580781249997 0.8952202078125 0.30252480937500004 0.9299007828124999 0.303366934375 0.96322449375 0.3156127328125 0.9634737765624999 0.3360532390625 0.95570845 0.3479901828125 0.953184921875 0.3599836828125 0.9539016421875001 0.362522815625 0.9501530546874999 0.3628577328125 0.9394974375 0.35867475312499997 0.878913065625 0.3555098296875 0.876653140625 0.351864553125 0.87671676875 0.3233604390625 0.8850858796875001 0.3030914328125 0.8877548453124999 0.300536140625 0.8905776484375 0.29983580781249997 0.8952202078125
0 0.9636671031249999 0 0.9637134109375 0.0432264046875 0.9648276375 0.0473742578125 0.9628335 0.052502434375 0.9619337828125 0.09048688437499999 0.9633164656250001 0.095093084375 0.9667013671875001 0.095034 0.9734065296875001 0.09121269374999999 0.9924481921874999 0.07791538125 0.991088175 0 0.9636671031249999 0
0 0.9637775890625001 0 0.9633883953125 0.039527810937500005 0.964534940625 0.0455272328125 0.9638426875 0.050632684375 0.961588171875 0.05576540625 0.9630193359374999 0.0631489609375 0.961958021875 0.0918755609375 0.9633245453124999 0.0955559765625 0.9739272828125 0.0912036046875 0.9924481921874999 0.07791538125 0.991088175 0 0.9637775890625001 0
0 0.3018020609375 0.9183375593750001 0.302789621875 0.9599933359374999 0.303635390625 0.9636828421875 0.315873109375 0.9634692312500001 0.3360532390625 0.95570845 0.3479901828125 0.953184921875 0.3602440609375 0.953897096875 0.3630193296875 0.9487552875 0.359902096875 0.8895414125000001 0.358951290625 0.8798343046875001 0.35734862968750003 0.8775471125 0.35160417499999996 0.8767213140625 0.3233604390625 0.8850858796875001 0.3028310546875 0.8877593890625001 0.29953503125 0.8929102890625 0.3018020609375 0.9183375593750001
0 0.303635390625 0.9636828421875 0.3153604359375 0.9639412140625 0.3357928609375 0.9557129953124999 0.3492839875 0.9526993046875001 0.360496359375 0.9534296609374999 0.3630193296875 0.9487552875 0.3599101765625 0.8900043046875 0.35814592031250003 0.8784592625000001 0.3516122546875 0.8771842078125 0.30335180781250004 0.8877503000000001 0.300291921875 0.891507978125 0.299948925 0.9017007015624999 0.3023793734375 0.92156871875 0.303635390625 0.9636828421875
0 0.034375 0.9328125 0.0546875 0.0875
0 0.18984375 0.93515625 0.0640625 0.0828125
0 0.33125 0.91875 0.065625 0.078125
0 0.4953125 0.92109375 0.0609375 0.075
0 0.6375 0.91328125 0.0578125 0.0734375
0 0.73984375 0.90546875 0.0578125 0.0796875