0 0.01015625 0.36171875 0.0203125 0.0640625
0 0.0546875 0.36015625 0.05390625 0.06171875
0 0.1875 0.3625 0.05546875 0.06171875
0 0.31015625 0.36171875 0.05625 0.06328125
0 0.44765625 0.359375 0.05625 0.065625
0 0.634375 0.3546875 0.0609375 0.0703125
0 0.784375 0.35390625 0.0640625 0.0703125
0 0.01953125 0.5546875 0.0390625 0.07421875
0 0.19765625 0.55625 0.053125 0.06796875
0 0.303125 0.559375 0.05625 0.07421875
0 0.475 0.56328125 0.05703125 0.06953125
0 0.659375 0.565625 0.0609375 0.075
0 0.821875 0.56953125 0.065625 0.07421875
0 0.9875 0.57265625 0.025 0.07421875
0 0.9859375 0.94296875 0.02734375 0.0859375
0 0.81953125 0.93671875 0.0671875 0.08203125
0 0.6765625 0.92734375 0.0609375 0.08203125
0 0.540625 0.91875 0.05703125 0.08125
0 0.31796875 0.90390625 0.05390625 0.07421875
0 0.1796875 0.89375 0.05390625 0.07265625
0 0.0484375 0.88359375 0.053125 0.07265625