0 0.272778459375 0.8798323937499999 0.2733082421875 0.9095304499999999 0.27118250312500003 0.9451161156250001 0.2717688453125 0.94885563125 0.2839916546875 0.9494962015624999 0.304663990625 0.94316201875 0.3167478890625 0.9414773171874999 0.328662178125 0.943028915625 0.33145661406250004 0.9394665796874999 0.33248555468749996 0.9297849390625 0.333015409375 0.8848436734374999 0.3320430265625 0.8685667703125001 0.3264186296875 0.8664176156250001 0.2767827390625 0.873088275 0.27377670468750004 0.875712325 0.272778459375 0.8798323937499999
0 0.2831872453125 0.9499176421875 0.30069040468749997 0.9443445671875 0.3167478890625 0.9414773171874999 0.328662178125 0.943028915625 0.33145661406250004 0.9394665796874999 0.3325340140625 0.9288602828125001 0.333070334375 0.8788197734375001 0.3329621171875 0.8709329312499999 0.33183142499999996 0.8676284859375001 0.3256626796875 0.8659144 0.2872093609375 0.8731711140625 0.27652268125 0.8730746453125 0.2728996078125 0.8775207515625001 0.2717688453125 0.94885563125 0.2831872453125 0.9499176421875
0 0.6472198375 0.338038484375 0.63693859375 0.33518167499999996 0.6180026890625 0.3332620890625 0.5940529609375 0.3324705359375 0.59265574375 0.3342517046875 0.5894816656249999 0.3948167359375 0.5903280671875 0.39856988125 0.6432833421875 0.4031995421875 0.6462651484374999 0.40103782031249996 0.64865258125 0.34553114375 0.6472198375 0.338038484375
0 0.7241393375 0.387965896875 0.72579498125 0.4061329984375 0.73241115625 0.40926132812500005 0.7757684499999999 0.41292438281250005 0.78026215625 0.4117690921875 0.7811699484375 0.40439909375000005 0.7811570578125 0.3698139859375 0.7828676546875 0.352101459375 0.7819970234375 0.34881064375 0.7733245984375 0.345110953125 0.745075 0.3417760609375 0.7286670046875 0.341379753125 0.727009728125 0.343147290625 0.7264637453125 0.363517003125 0.7241393375 0.387965896875
0 0.27377670468750004 0.875712325 0.272463475 0.8858426640625 0.27345361874999996 0.9067564796875001 0.271533015625 0.9483796718749999 0.2751011625 0.9499574656249999 0.2839916546875 0.9494962015624999 0.30440392968749996 0.943148390625 0.31859253593750003 0.94111039375 0.329206528125 0.9425938468749999 0.33176513281250003 0.9385555515625 0.333015409375 0.8848436734374999 0.332327315625 0.8681180718749999 0.330083696875 0.8661460953125 0.3256626796875 0.8659144 0.2977086703125 0.8718669640625001 0.27652268125 0.8730746453125 0.27377670468750004 0.875712325
0 0.3213665953125 0.9412557749999999 0.3271018203125 0.9429471406250001 0.33086380625 0.94082630625 0.3325340140625 0.9288602828125001 0.332931421875 0.8764945000000001 0.33183142499999996 0.8676284859375001 0.32594696875 0.8654657 0.2767827390625 0.873088275 0.273492415625 0.876161025 0.271533015625 0.9483796718749999 0.28373159375 0.9494825718750001 0.30385958125 0.943583459375 0.3213665953125 0.9412557749999999
0 0.27275422968749996 0.8802947234375 0.27301748593749997 0.9150783921875 0.271533015625 0.9483796718749999 0.28373159375 0.9494825718750001 0.304663990625 0.94316201875 0.3167478890625 0.9414773171874999 0.328662178125 0.943028915625 0.33145661406250004 0.9394665796874999 0.3325340140625 0.9288602828125001 0.332587375 0.8681317015625 0.32958780625 0.8656565078125 0.32594696875 0.8654657 0.2969284921875 0.8718260765625001 0.27652268125 0.8730746453125 0.27377670468750004 0.875712325 0.27275422968749996 0.8802947234375
0 1 0.0255177171875 0.99817646875 0.025422149999999998 0.997722571875 0.029107146875 0.9944467421875001 0.07668609531250001 0.9952689156250001 0.08090156875 0.9929219125 0.0858781484375 0.9893747265625 0.123707309375 0.9904327281249999 0.1283987390625 0.9938135062500001 0.12857591875000002 1 0.12560134843749998 1 0.0255177171875
0 1 0.0255177171875 0.99817646875 0.025422149999999998 0.9943805203125 0.0729738390625 0.9951057734375001 0.079038625 0.99405906875 0.08408335156249999 0.9914520046874999 0.0890463015625 0.9923646312500001 0.0965117046875 0.9893020375000001 0.1250942953125 0.9904084984375 0.12886106718749998 1 0.12568565625 1 0.0255177171875
0 0.2731031078125 0.903492921875 0.27118250312500003 0.9451161156250001 0.2717688453125 0.94885563125 0.2839916546875 0.9494962015624999 0.304663990625 0.94316201875 0.3167478890625 0.9414773171874999 0.3289222390625 0.9430425453125 0.332049421875 0.938106853125 0.333070334375 0.8788197734375001 0.3327989765625 0.8690699859375 0.33135976562499997 0.8666765703125 0.325686909375 0.8654520703124999 0.2969284921875 0.8718260765625001 0.2762626203125 0.8730610171875 0.2726153171875 0.8779694499999999 0.2731031078125 0.903492921875
0 0.2717688453125 0.94885563125 0.28344730625 0.9499312718749999 0.30440392968749996 0.943148390625 0.3180724171875 0.9410831343750001 0.329206528125 0.9425938468749999 0.332049421875 0.938106853125 0.3330461046875 0.8792821015625 0.33209148593750004 0.8676421140624999 0.3256626796875 0.8659144 0.2767827390625 0.873088275 0.2734681859375 0.8766233531250001 0.272415015625 0.886767321875 0.27345361874999996 0.9067564796875001 0.2717688453125 0.94885563125
0 0.01640625 0.89921875 0.0328125 0.0890625
0 0.16015625 0.9125 0.0671875 0.084375
0 0.30234375 0.90546875 0.06875 0.0796875
0 0.46640625 0.91953125 0.0640625 0.0765625
0 0.60859375 0.921875 0.0609375 0.075
0 0.7109375 0.92109375 0.0609375 0.08125