0 0.2955729171875 0.9601851859374999 0.3078125 0.9601851859374999 0.328125 0.952777778125 0.3401041671875 0.9504629625 0.35208333281250004 0.9513888890625 0.3546875 0.9476851859375 0.3552083328125 0.9379629625 0.3533854171875 0.89305555625 0.3515625 0.8768518515625001 0.3458333328125 0.875 0.2966145828125 0.884259259375 0.29375 0.8870370375000001 0.29296875 0.891203703125 0.2950520828125 0.9208333328125 0.2947916671875 0.95648148125 0.2955729171875 0.9601851859374999
0 0.3401041671875 0.9504629625 0.35208333281250004 0.9513888890625 0.3546875 0.9476851859375 0.3552083328125 0.9370370375 0.353125 0.8870370375000001 0.3526041671875 0.8791666671874999 0.3513020828125 0.8759259265624999 0.3450520828125 0.8745370375 0.30703125 0.883796296875 0.29635416718749996 0.884259259375 0.29296875 0.8888888890625 0.2955729171875 0.9601851859374999 0.30703125 0.9606481484374999 0.32421875 0.9541666671875 0.3401041671875 0.9504629625
0 0.6408854171875 0.39351851875 0.6403645828125 0.3379629625 0.6385416671875 0.33055555625 0.628125 0.32824074062499997 0.6091145828125 0.3273148140625 0.58515625 0.32777777812500003 0.5838541671875 0.3296296296875 0.5838541671875 0.39027777812500003 0.5848958328125 0.39398148125 0.6380208328125 0.3958333328125 0.6408854171875 0.39351851875
0 0.72734375 0.397222221875 0.7708333328125 0.3986111109375 0.7752604171875 0.397222221875 0.77578125 0.3898148140625 0.7739583328124999 0.355277778125 0.7747395828125 0.3375 0.7736979171875 0.334259259375 0.76484375 0.33101851875 0.7364583328125 0.3291666671875 0.7200520828125 0.3296296296875 0.7184895828125 0.33148148125 0.7190104171875 0.3518518515625 0.71796875 0.3763888890625 0.7205729171875 0.39444444375 0.72734375 0.397222221875
0 0.2989583328125 0.9611111109375001 0.3078125 0.9601851859374999 0.3278645828125 0.952777778125 0.3419270828125 0.95 0.3526041671875 0.9509259265625 0.35494791718749996 0.946759259375 0.3533854171875 0.89305555625 0.3518229171875 0.8763888890624999 0.3494791671875 0.8745370375 0.3450520828125 0.8745370375 0.3174479171875 0.8819444437499999 0.29635416718749996 0.884259259375 0.29375 0.8870370375000001 0.29296875 0.897222221875 0.2950520828125 0.91805555625 0.2953125 0.959722221875 0.2989583328125 0.9611111109375001
0 0.3447049484375 0.95 0.3505208328125 0.9513888890625 0.3541666671875 0.9490740734375 0.3552083328125 0.9370370375 0.3528645828125 0.8847222218749999 0.3513020828125 0.8759259265624999 0.3453125 0.8740740734375001 0.2966145828125 0.884259259375 0.29348958281250004 0.8875 0.2953125 0.959722221875 0.3075520828125 0.9601851859374999 0.32734375 0.953240740625 0.3447049484375 0.95
0 0.3075520828125 0.9601851859374999 0.328125 0.952777778125 0.3401041671875 0.9504629625 0.35208333281250004 0.9513888890625 0.3546875 0.9476851859375 0.3552083328125 0.9370370375 0.35208333281250004 0.8763888890624999 0.3489583328125 0.8740740734375001 0.3453125 0.8740740734375001 0.3166666671875 0.8819444437499999 0.29635416718749996 0.884259259375 0.29375 0.8870370375000001 0.29296875 0.8916666671875 0.2950520828125 0.9263888890624999 0.2953125 0.959722221875 0.3075520828125 0.9601851859374999
0 0.97265625 0 0.9723958328125001 0.003703703125 0.9716145828125 0.0513888890625 0.97265625 0.055555556250000006 0.9705729171874999 0.06064814843750001 0.9690104171874999 0.0986111109375 0.9703125 0.103240740625 0.9736979171875 0.103240740625 0.98046875 0.09953703750000001 0.9997395828125001 0.0865740734375 0.9997395828125001 0.0078703703125 0.9940104171874999 0 0.97265625 0
0 0.97265625 0 0.9713541671874999 0.0476851859375 0.9723958328125001 0.053703703125 0.9716145828125 0.058796296875 0.9692708328125 0.0638888890625 0.9705729171874999 0.071296296875 0.9690104171874999 0.1 0.9703125 0.10370370312499999 0.9809895828125 0.09953703750000001 0.9997395828125001 0.0865740734375 0.9997395828125001 0.0078703703125 0.9981770828125001 0.0078703703125 0.9932291671875 0 0.97265625 0
0 0.3078125 0.9601851859374999 0.328125 0.952777778125 0.3401041671875 0.9504629625 0.35234375 0.9513888890625 0.3552083328125 0.946296296875 0.353125 0.8870370375000001 0.35234375 0.8773148140625 0.35078125 0.875 0.3450520828125 0.8740740734375001 0.3166666671875 0.8819444437499999 0.29609375 0.884259259375 0.2927083328125 0.8893518515625001 0.29453125 0.9148148140625001 0.2947916671875 0.95648148125 0.2955729171875 0.9601851859374999 0.3078125 0.9601851859374999
0 0.3072916671875 0.9606481484374999 0.3278645828125 0.952777778125 0.34140625 0.95 0.3526041671875 0.9509259265625 0.3552083328125 0.946296296875 0.353125 0.8875 0.3515625 0.8759259265624999 0.3450520828125 0.8745370375 0.2966145828125 0.884259259375 0.29348958281250004 0.8879629625 0.29296875 0.8981481484374999 0.2950520828125 0.91805555625 0.2955729171875 0.9601851859374999 0.3072916671875 0.9606481484374999
0 0.0265625 0.925 0.053125 0.0859375
0 0.18203125 0.9296875 0.0625 0.08125
0 0.32421875 0.915625 0.06484375 0.0765625
0 0.48828125 0.92109375 0.06015625 0.07421875
0 0.63046875 0.915625 0.05703125 0.071875
0 0.7328125 0.909375 0.05703125 0.07890625