0 0.015625 0.4921875 0.03125 0.053125
0 0.0828125 0.49140625 0.059375 0.04375
0 0.15234375 0.49609375 0.059375 0.046875
0 0.3703125 0.496875 0.059375 0.05
0 0.50625 0.49765625 0.0625 0.05
0 0.68984375 0.49921875 0.06875 0.053125
0 0.853125 0.50078125 0.06875 0.053125
0 0.97890625 0.46875 0.040625 0.05
0 0.05234375 0.75859375 0.0625 0.05
0 0.1453125 0.7609375 0.0609375 0.053125
0 0.4015625 0.76953125 0.0640625 0.05
0 0.6640625 0.76796875 0.0734375 0.0703125
0 0.81484375 0.78125 0.0703125 0.053125
0 0.97421875 0.72265625 0.0515625 0.0546875