0 0.1109375 0.56640625 0.04765625 0.040625
0 0.26015625 0.56875 0.05078125 0.040625
0 0.334375 0.57265625 0.05078125 0.04296875
0 0.51953125 0.575 0.05234375 0.04296875
0 0.6578125 0.5765625 0.05390625 0.04375
0 0.821875 0.57578125 0.05703125 0.0453125
0 0.0671875 0.82890625 0.0484375 0.04296875
0 0.24609375 0.83359375 0.05390625 0.04375
0 0.38203125 0.84296875 0.053125 0.04375
0 0.584375 0.83515625 0.09609375 0.06328125
0 0.75625 0.8546875 0.05546875 0.05
0 0.92734375 0.58046875 0.04765625 0.0453125
0 0.96953125 0.859375 0.05546875 0.0453125
0 0.92109375 0.28828125 0.0328125 0.0625