0 0.00625 0.48984375 0.01171875 0.034375
0 0.059375 0.4875 0.0484375 0.0390625
0 0.1265625 0.48984375 0.053125 0.0390625
0 0.221875 0.45859375 0.053125 0.04609375
0 0.2984375 0.4609375 0.0546875 0.04140625
0 0.36796875 0.46328125 0.05625 0.04140625
0 0.43515625 0.4640625 0.0546875 0.0390625
0 0.5140625 0.46328125 0.05625 0.04609375
0 0.59921875 0.46328125 0.05703125 0.05078125
0 0.6703125 0.465625 0.05859375 0.04609375
0 0.74296875 0.46640625 0.0609375 0.04375
0 0.80234375 0.46640625 0.059375 0.04609375
0 0.86484375 0.46640625 0.06015625 0.04609375
0 0.03515625 0.68671875 0.04921875 0.04296875
0 0.11328125 0.68984375 0.0484375 0.04375
0 0.22421875 0.6703125 0.05 0.04375
0 0.36171875 0.675 0.05390625 0.04375
0 0.46328125 0.6796875 0.05390625 0.0453125
0 0.5765625 0.68359375 0.05703125 0.05
0 0.7015625 0.68828125 0.0609375 0.0484375
0 0.8296875 0.69453125 0.06328125 0.05078125
0 0.078125 0.9125 0.04921875 0.04765625
0 0.21640625 0.8984375 0.0515625 0.0484375
0 0.33203125 0.90625 0.053125 0.04609375
0 0.43359375 0.9125 0.05390625 0.04765625
0 0.5328125 0.91875 0.05625 0.05234375
0 0.64765625 0.92734375 0.059375 0.05234375
0 0.8 0.93671875 0.06171875 0.05546875