0 0.009375 0.36953125 0.01875 0.0640625
0 0.05234375 0.36796875 0.0546875 0.0625
0 0.18515625 0.36796875 0.05625 0.0625
0 0.3078125 0.36484375 0.0578125 0.0640625
0 0.4453125 0.36015625 0.0578125 0.0671875
0 0.63203125 0.35234375 0.0625 0.071875
0 0.78203125 0.34921875 0.065625 0.071875
0 0.0203125 0.56328125 0.040625 0.075
0 0.1984375 0.56171875 0.0546875 0.06875
0 0.30390625 0.5625 0.0578125 0.075
0 0.47578125 0.5640625 0.0578125 0.0703125
0 0.66015625 0.5625 0.0625 0.0765625
0 0.82265625 0.5640625 0.0671875 0.075
0 0.9875 0.5640625 0.025 0.075
0 0.98984375 0.93359375 0.0203125 0.0859375
0 0.82734375 0.93125 0.06875 0.0828125
0 0.684375 0.92421875 0.0625 0.0828125
0 0.54765625 0.91796875 0.0578125 0.0828125
0 0.325 0.90703125 0.0546875 0.075
0 0.18671875 0.89921875 0.0546875 0.0734375
0 0.05546875 0.89140625 0.0546875 0.0734375