0 0.00625 0.48125 0.0125 0.034375
0 0.059375 0.4796875 0.0484375 0.040625
0 0.1265625 0.48359375 0.053125 0.040625
0 0.22265625 0.45390625 0.0546875 0.046875
0 0.29921875 0.4578125 0.0546875 0.0421875
0 0.36875 0.4609375 0.05625 0.0421875
0 0.4359375 0.46328125 0.0546875 0.040625
0 0.51484375 0.46328125 0.0578125 0.046875
0 0.6 0.46484375 0.0578125 0.0515625
0 0.67109375 0.46875 0.059375 0.046875
0 0.74375 0.4703125 0.0609375 0.0453125
0 0.803125 0.471875 0.0609375 0.046875
0 0.865625 0.47265625 0.0609375 0.046875
0 0.03203125 0.67890625 0.05 0.04375
0 0.11015625 0.6828125 0.0484375 0.0453125
0 0.22109375 0.665625 0.05 0.0453125
0 0.35859375 0.67265625 0.0546875 0.0453125
0 0.46015625 0.67890625 0.0546875 0.046875
0 0.5734375 0.68515625 0.0578125 0.0515625
0 0.6984375 0.69140625 0.0625 0.05
0 0.8265625 0.7 0.0640625 0.0515625
0 0.07109375 0.9046875 0.05 0.0484375
0 0.209375 0.89375 0.053125 0.05
0 0.325 0.903125 0.0546875 0.046875
0 0.4265625 0.9109375 0.0546875 0.0484375
0 0.52578125 0.91953125 0.0578125 0.053125
0 0.63984375 0.9296875 0.0609375 0.053125
0 0.7921875 0.9421875 0.0625 0.05625