0 0.11015625 0.559375 0.0484375 0.0421875
0 0.259375 0.56484375 0.0515625 0.0421875
0 0.3328125 0.56953125 0.0515625 0.04375
0 0.51796875 0.575 0.053125 0.04375
0 0.65625 0.5796875 0.0546875 0.0453125
0 0.8203125 0.58125 0.0578125 0.046875
0 0.06171875 0.82109375 0.0484375 0.04375
0 0.240625 0.82890625 0.0546875 0.0453125
0 0.37578125 0.840625 0.053125 0.0453125
0 0.578125 0.83671875 0.096875 0.065625
0 0.75 0.859375 0.05625 0.0515625
0 0.92578125 0.58828125 0.0484375 0.046875
0 0.96328125 0.8671875 0.05625 0.046875
0 0.925 0.2953125 0.034375 0.0625