0 0.665625 0.51851851875 0.6666666671875 0.5120370375000001 0.6658854171875 0.508796296875 0.6666666671875 0.490740740625 0.665625 0.47453703750000004 0.6645833328124999 0.47268518593750003 0.63828125 0.46851851875 0.6046875 0.4699074078125 0.5997395828125 0.47222222187499996 0.5997395828125 0.5175925921875 0.6015625 0.522222221875 0.6625 0.522222221875 0.665625 0.51851851875
0 0.6013020828125 0.522222221875 0.6619791671875 0.5226851859375 0.6645833328124999 0.521296296875 0.6658854171875 0.51851851875 0.6666666671875 0.4893518515625 0.6651041671875 0.4731481484375 0.6372395828124999 0.46851851875 0.6005208328125 0.471296296875 0.5994791671875 0.4731481484375 0.5994791671875 0.503240740625 0.5997395828125 0.51851851875 0.6013020828125 0.522222221875
0 0.665625 0.51898148125 0.6666666671875 0.5125 0.6666666671875 0.48981481406249994 0.6658854171875 0.47592592656250005 0.6645833328124999 0.47268518593750003 0.63828125 0.46851851875 0.6049479171875001 0.4699074078125 0.5997395828125 0.47222222187499996 0.5997395828125 0.51851851875 0.6015625 0.522222221875 0.6611979171875 0.5226851859375 0.665625 0.51898148125
0 0.6013020828125 0.522222221875 0.6614583328125 0.5226851859375 0.665625 0.51898148125 0.6666666671875 0.5120370375000001 0.6658854171875 0.509259259375 0.6666666671875 0.49120370312499995 0.66484375 0.4731481484375 0.63828125 0.46898148125 0.6005208328125 0.471296296875 0.5994791671875 0.4731481484375 0.5994791671875 0.502777778125 0.5997395828125 0.51851851875 0.6013020828125 0.522222221875
0 0.6622395828125 0.5226851859375 0.6658854171875 0.51898148125 0.6669270828125 0.5120370375000001 0.6671875 0.4893518515625 0.66640625 0.47592592656250005 0.66484375 0.47222222187499996 0.6302083328125 0.46851851875 0.6015625 0.4703703703125 0.5994791671875 0.4731481484375 0.5997395828125 0.51898148125 0.6010416671875001 0.522222221875 0.6197916671875 0.5240740734375 0.6622395828125 0.5226851859375
0 0.6619791671875 0.5226851859375 0.6645833328124999 0.521296296875 0.6658854171875 0.51851851875 0.6669270828125 0.5120370375000001 0.6661458328125 0.509259259375 0.6669270828125 0.490740740625 0.6658854171875 0.47453703750000004 0.66484375 0.47268518593750003 0.6372395828124999 0.46805555625000006 0.60390625 0.4699074078125 0.5997395828125 0.47222222187499996 0.5997395828125 0.51898148125 0.6013020828125 0.522222221875 0.61875 0.5236111109375 0.6619791671875 0.5226851859375
0 0.6645833328124999 0.521296296875 0.6658854171875 0.51805555625 0.6669270828125 0.490277778125 0.6658854171875 0.47407407343749997 0.6645833328124999 0.47222222187499996 0.6369791671875 0.4675925921875 0.6033854171875 0.4699074078125 0.5997395828125 0.47222222187499996 0.5997395828125 0.51851851875 0.6015625 0.522222221875 0.66171875 0.5226851859375 0.6645833328124999 0.521296296875
0 0.6625 0.522222221875 0.665625 0.51851851875 0.66640625 0.4893518515625 0.66484375 0.4731481484375 0.6375 0.46851851875 0.6005208328125 0.471296296875 0.5994791671875 0.4731481484375 0.5997395828125 0.5175925921875 0.6015625 0.522222221875 0.6625 0.522222221875
0 0.6625 0.522222221875 0.665625 0.51851851875 0.6666666671875 0.5120370375000001 0.6658854171875 0.508796296875 0.6666666671875 0.490740740625 0.6651041671875 0.4731481484375 0.63828125 0.46851851875 0.6005208328125 0.471296296875 0.5994791671875 0.4731481484375 0.5997395828125 0.5175925921875 0.6015625 0.522222221875 0.6625 0.522222221875
0 0.665625 0.51898148125 0.6666666671875 0.5125 0.6666666671875 0.48981481406249994 0.6658854171875 0.4754629625 0.66484375 0.47268518593750003 0.6372395828124999 0.46805555625000006 0.6044270828125 0.4699074078125 0.5997395828125 0.47222222187499996 0.5997395828125 0.5175925921875 0.6015625 0.522222221875 0.6611979171875 0.5226851859375 0.665625 0.51898148125
0 0.66484375 0.5208333328125 0.6658854171875 0.51805555625 0.6669270828125 0.49120370312499995 0.6658854171875 0.47453703750000004 0.66484375 0.47268518593750003 0.6369791671875 0.46805555625000006 0.6044270828125 0.4699074078125 0.5997395828125 0.47222222187499996 0.5997395828125 0.51851851875 0.6015625 0.522222221875 0.6614583328125 0.5226851859375 0.66484375 0.5208333328125
0 0.665625 0.51898148125 0.6666666671875 0.5120370375000001 0.6658854171875 0.508796296875 0.6666666671875 0.48981481406249994 0.6658854171875 0.4754629625 0.6645833328124999 0.47268518593750003 0.6380208328125 0.46851851875 0.6049479171875001 0.4699074078125 0.6 0.471759259375 0.5997395828125 0.5171296296875 0.6015625 0.522222221875 0.6625 0.522222221875 0.665625 0.51898148125
0 0.6013020828125 0.522222221875 0.6177083328124999 0.5236111109375 0.6625 0.5226851859375 0.66484375 0.521296296875 0.6658854171875 0.51851851875 0.6669270828125 0.490740740625 0.6658854171875 0.475 0.66484375 0.47268518593750003 0.6380208328125 0.46851851875 0.6005208328125 0.471296296875 0.5994791671875 0.4731481484375 0.5994791671875 0.502777778125 0.5997395828125 0.51851851875 0.6013020828125 0.522222221875
0 0.66171875 0.5226851859375 0.6645833328124999 0.521296296875 0.6658854171875 0.51851851875 0.6669270828125 0.490740740625 0.6651041671875 0.47268518593750003 0.6369791671875 0.46805555625000006 0.6005208328125 0.471296296875 0.5994791671875 0.4731481484375 0.5997395828125 0.5166666671875 0.6015625 0.522222221875 0.66171875 0.5226851859375
0 0.6619791671875 0.5226851859375 0.6645833328124999 0.521296296875 0.6658854171875 0.51851851875 0.6669270828125 0.5120370375000001 0.6661458328125 0.508796296875 0.6669270828125 0.490277778125 0.6658854171875 0.47407407343749997 0.6643229171875 0.47222222187499996 0.6372395828124999 0.46805555625000006 0.6005208328125 0.471296296875 0.5994791671875 0.4731481484375 0.5997395828125 0.51851851875 0.6015625 0.522222221875 0.6619791671875 0.5226851859375
0 0.6625 0.522222221875 0.665625 0.51851851875 0.6666666671875 0.5120370375000001 0.6658854171875 0.508796296875 0.6666666671875 0.490740740625 0.6658854171875 0.47592592656250005 0.66484375 0.47268518593750003 0.6385416671875 0.46851851875 0.6005208328125 0.471296296875 0.5994791671875 0.4731481484375 0.5997395828125 0.5171296296875 0.6015625 0.522222221875 0.6625 0.522222221875
0 0.6625 0.522222221875 0.665625 0.51898148125 0.6666666671875 0.5120370375000001 0.6658854171875 0.508796296875 0.6666666671875 0.490277778125 0.6658854171875 0.4754629625 0.66484375 0.47268518593750003 0.6380208328125 0.46851851875 0.6005208328125 0.471296296875 0.5994791671875 0.4731481484375 0.5997395828125 0.5175925921875 0.6015625 0.522222221875 0.6625 0.522222221875
0 0.084375 0.4921875 0.0640625 0.0578125
0 0.22109375 0.48984375 0.06796875 0.0625
0 0.3453125 0.4921875 0.06875 0.0578125
0 0.5296875 0.49296875 0.06640625 0.05546875
0 0.765625 0.49921875 0.07265625 0.071875
0 0.88203125 0.49765625 0.07421875 0.06953125
0 0.98359375 0.5 0.0328125 0.05546875
0 0.071875 0.69296875 0.0609375 0.0484375
0 0.19765625 0.6921875 0.0625 0.05546875
0 0.39375 0.69765625 0.06875 0.0625
0 0.60625 0.70625 0.071875 0.05546875
0 0.803125 0.7140625 0.07265625 0.0671875
0 0.01171875 0.92109375 0.0234375 0.07421875
0 0.18203125 0.9328125 0.06484375 0.06484375
0 0.73515625 0.9640625 0.071875 0.071875
0 0.46953125 0.95234375 0.06875 0.0625