0 0.0140625 0.5390625 0.028125 0.0453125
0 0.15546875 0.54375 0.0546875 0.04609375
0 0.25859375 0.546875 0.059375 0.0546875
0 0.3546875 0.54765625 0.0625 0.05078125
0 0.4828125 0.553125 0.0625 0.05546875
0 0.56015625 0.5546875 0.0640625 0.05
0 0.67421875 0.55703125 0.06875 0.0546875
0 0.7703125 0.559375 0.06953125 0.053125
0 0.89140625 0.56171875 0.07421875 0.0546875
0 0.97734375 0.5640625 0.0453125 0.0546875
0 0.05234375 0.85078125 0.05625 0.0484375
0 0.20625 0.86484375 0.06015625 0.05546875
0 0.4078125 0.86328125 0.05703125 0.07890625
0 0.628125 0.89921875 0.06875 0.0671875
0 0.81953125 0.915625 0.0765625 0.0625