0 0.178125 0.49765625 0.0625 0.0515625
0 0.28125 0.49765625 0.0625 0.053125
0 0.384375 0.496875 0.0609375 0.053125
0 0.44453125 0.49609375 0.0625 0.0484375
0 0.5078125 0.4953125 0.0625 0.0453125
0 0.5828125 0.49375 0.0640625 0.046875
0 0.6984375 0.4921875 0.0640625 0.05
0 0.79140625 0.48828125 0.065625 0.0546875
0 0.88125 0.4859375 0.0671875 0.053125
0 0.06796875 0.79609375 0.0609375 0.05625
0 0.18125 0.73359375 0.059375 0.05
0 0.41484375 0.73046875 0.0640625 0.0515625
0 0.50078125 0.73046875 0.0640625 0.0546875
0 0.58515625 0.7296875 0.0640625 0.05
0 0.6703125 0.72890625 0.0640625 0.0546875
0 0.7671875 0.72734375 0.0640625 0.0546875
0 0.87109375 0.7265625 0.065625 0.05
0 0.9796875 0.446875 0.0390625 0.053125
0 0.98671875 0.69140625 0.0265625 0.0515625
0 0.98359375 0.9578125 0.0328125 0.05
0 0.83046875 0.978125 0.0640625 0.0234375
0 0.6828125 0.98046875 0.0640625 0.028125
0 0.528125 0.98359375 0.0640625 0.0328125
0 0.446875 0.984375 0.0625 0.03125
0 0.36640625 0.984375 0.0640625 0.03125
0 0.2734375 0.98359375 0.0625 0.0328125
0 0.1890625 0.98515625 0.0625 0.0296875