0 0.0078125 0.3875 0.015625 0.065625
0 0.04765625 0.38359375 0.0578125 0.0640625
0 0.18046875 0.37890625 0.059375 0.0640625
0 0.303125 0.371875 0.059375 0.065625
0 0.440625 0.3625 0.059375 0.06875
0 0.6265625 0.34765625 0.0640625 0.0734375
0 0.7765625 0.3390625 0.0671875 0.0734375
0 0.0234375 0.5796875 0.0421875 0.0765625
0 0.20078125 0.571875 0.05625 0.0703125
0 0.30625 0.56953125 0.059375 0.0765625
0 0.478125 0.56484375 0.0609375 0.071875
0 0.6625 0.55703125 0.0640625 0.078125
0 0.825 0.55234375 0.06875 0.078125
0 0.98828125 0.546875 0.0234375 0.075
0 0.99609375 0.9171875 0.0078125 0.0875
0 0.8421875 0.91953125 0.071875 0.0859375
0 0.6984375 0.9171875 0.065625 0.084375
0 0.5625 0.91640625 0.0609375 0.084375
0 0.3390625 0.9125 0.0578125 0.0765625
0 0.20078125 0.91015625 0.0578125 0.075
0 0.06875 0.90703125 0.05625 0.075