0 0.0453125 0.4875 0.0453125 0.05
0 0.1640625 0.4875 0.0640625 0.05078125
0 0.28125 0.4921875 0.06328125 0.05
0 0.4515625 0.496875 0.0625 0.05234375
0 0.61953125 0.50078125 0.0640625 0.05234375
0 0.81640625 0.5046875 0.071875 0.05078125
0 0.9171875 0.50078125 0.07421875 0.05078125
0 0.05703125 0.74765625 0.0609375 0.0578125
0 0.19765625 0.76015625 0.0609375 0.05078125
0 0.4703125 0.77265625 0.0640625 0.0546875
0 0.87421875 0.79296875 0.07578125 0.05546875
0 0.97109375 0.79765625 0.0578125 0.05546875