0 0.01484375 0.54765625 0.0296875 0.0453125
0 0.15625 0.55 0.05625 0.046875
0 0.259375 0.55078125 0.0609375 0.05625
0 0.35546875 0.55 0.0640625 0.0515625
0 0.48359375 0.553125 0.0640625 0.05625
0 0.5609375 0.55390625 0.065625 0.0515625
0 0.675 0.55390625 0.0703125 0.05625
0 0.77109375 0.5546875 0.0703125 0.0546875
0 0.8921875 0.5546875 0.075 0.05625
0 0.97734375 0.5546875 0.0453125 0.05625
0 0.05859375 0.85859375 0.0578125 0.05
0 0.2125 0.86953125 0.0609375 0.05625
0 0.4140625 0.86484375 0.0578125 0.0796875
0 0.63515625 0.896875 0.0703125 0.06875
0 0.8265625 0.91015625 0.078125 0.0640625