0 0.015625 0.50859375 0.03125 0.0546875
0 0.0828125 0.50625 0.0609375 0.0453125
0 0.15234375 0.50859375 0.0609375 0.05
0 0.3703125 0.5015625 0.0625 0.0515625
0 0.50625 0.49765625 0.065625 0.053125
0 0.68984375 0.49296875 0.0703125 0.0546875
0 0.853125 0.48828125 0.071875 0.05625
0 0.97734375 0.45234375 0.04375 0.0515625
0 0.06171875 0.77421875 0.065625 0.0515625
0 0.1546875 0.7734375 0.0625 0.0546875
0 0.4109375 0.77265625 0.065625 0.053125
0 0.6734375 0.76171875 0.0765625 0.0734375
0 0.82421875 0.7703125 0.071875 0.05625
0 0.97734375 0.70625 0.0453125 0.05625