0 0.0140625 0.521875 0.028125 0.046875
0 0.15390625 0.53203125 0.05625 0.0484375
0 0.25703125 0.53828125 0.0609375 0.05625
0 0.353125 0.5421875 0.0640625 0.053125
0 0.48125 0.55234375 0.0640625 0.0578125
0 0.55859375 0.55703125 0.065625 0.0515625
0 0.671875 0.56328125 0.0703125 0.0578125
0 0.76796875 0.56875 0.071875 0.05625
0 0.8890625 0.575 0.0765625 0.0578125
0 0.975 0.58046875 0.046875 0.05625
0 0.040625 0.83515625 0.0578125 0.05
0 0.19375 0.8546875 0.0625 0.0578125
0 0.3953125 0.86015625 0.059375 0.08125
0 0.6140625 0.903125 0.0703125 0.0703125
0 0.8046875 0.9265625 0.078125 0.065625